maxVal = Solution: cost=[-104.0], weight=[64], size=[9], elements=[4, 14, 2, 12, 16, 3, 11, 6, 10]
Time = 0.205 seg
maxVal = Solution: cost=[-279.0], weight=[138], size=[17], elements=[20, 14, 32, 22, 17, 3, 33, 36, 11, 4, 15, 27, 0, 9, 21, 12, 34]
Time = 0.735 seg
maxVal = Solution: cost=[-482.0], weight=[215], size=[24], elements=[44, 21, 5, 3, 17, 28, 27, 45, 11, 26, 38, 51, 39, 8, 57, 30, 32, 4, 6, 55, 19, 22, 2, 56]
Time = 2.817 seg
maxVal = Solution: cost=[-800.0], weight=[287], size=[31], elements=[20, 3, 7, 31, 15, 53, 50, 14, 36, 13, 32, 21, 2, 4, 8, 54, 11, 61, 44, 68, 69, 60, 18, 1, 49, 34, 47, 74, 6, 45, 57]
Time = 6.192 seg
maxVal = Solution: cost=[-1220.0], weight=[343], size=[37], elements=[49, 37, 23, 2, 9, 51, 7, 31, 74, 52, 22, 18, 96, 89, 44, 14, 95, 17, 10, 29, 68, 62, 39, 63, 3, 78, 90, 24, 21, 71, 15, 91, 84, 66, 47, 32, 42]
Time = 12.55 seg
maxVal = Solution: cost=[-3804.0], weight=[680], size=[76], elements=[35, 108, 141, 66, 23, 167, 155, 54, 179, 145, 70, 95, 116, 137, 140, 46, 121, 51, 4, 21, 148, 30, 169, 124, 11, 126, 68, 138, 147, 72, 106, 162, 184, 85, 32, 92, 67, 174, 185, 101, 110, 12, 87, 84, 69, 7, 34, 53, 6, 117, 56, 196, 170, 157, 113, 31, 49, 100, 175, 81, 16, 63, 172, 48, 99, 17, 82, 198, 83, 61, 123, 171, 90, 118, 119, 195]
Time = 145.597 seg
maxVal = Solution: cost=[-10294.0], weight=[1344], size=[146], elements=[53, 108, 159, 66, 240, 312, 254, 339, 187, 35, 162, 244, 263, 386, 289, 285, 385, 383, 168, 232, 119, 342, 373, 101, 235, 24, 328, 166, 23, 158, 67, 352, 49, 236, 371, 259, 201, 18, 368, 155, 11, 359, 165, 122, 97, 360, 16, 95, 125, 376, 211, 48, 354, 154, 304, 247, 366, 277, 288, 94, 83, 226, 296, 157, 58, 99, 15, 291, 230, 265, 56, 114, 17, 323, 332, 100, 51, 148, 30, 134, 28, 307, 317, 393, 267, 84, 245, 1, 229, 327, 111, 300, 369, 98, 25, 124, 14, 20, 241, 183, 246, 239, 70, 364, 62, 10, 80, 153, 293, 253, 177, 387, 286, 357, 318, 206, 196, 384, 377, 121, 290, 219, 372, 147, 224, 69, 182, 301, 208, 47, 195, 398, 355, 299, 316, 397, 156, 205, 264, 81, 234, 174, 151, 278, 212, 260]
Time = 1802.387 seg
--------------------------------------
