maxVal = Solution: cost=[-120.0], weight=[54], size=[7], elements=[2, 14, 4, 11, 16, 15, 3]
Time = 0.155 seg
maxVal = Solution: cost=[-286.0], weight=[138], size=[15], elements=[24, 22, 34, 1, 36, 31, 9, 7, 0, 15, 23, 32, 4, 11, 21]
Time = 0.356 seg
maxVal = Solution: cost=[-482.0], weight=[215], size=[24], elements=[28, 3, 57, 11, 45, 55, 39, 19, 26, 44, 6, 21, 8, 27, 30, 4, 32, 5, 51, 2, 56, 38, 22, 17]
Time = 1.22 seg
maxVal = Solution: cost=[-766.0], weight=[288], size=[31], elements=[48, 23, 11, 39, 7, 75, 6, 36, 2, 42, 24, 3, 70, 53, 74, 9, 13, 14, 31, 54, 18, 44, 50, 69, 76, 4, 58, 49, 61, 71, 20]
Time = 2.961 seg
maxVal = Solution: cost=[-1210.0], weight=[346], size=[38], elements=[43, 68, 57, 11, 38, 22, 49, 74, 78, 56, 51, 23, 10, 62, 63, 7, 44, 18, 39, 29, 95, 17, 2, 90, 96, 31, 14, 24, 91, 21, 52, 71, 93, 64, 89, 33, 3, 32]
Time = 5.083 seg
maxVal = Solution: cost=[-3782.0], weight=[680], size=[77], elements=[108, 35, 140, 66, 155, 31, 53, 171, 138, 185, 72, 34, 179, 69, 84, 90, 189, 148, 92, 141, 157, 100, 85, 56, 175, 196, 87, 7, 162, 82, 49, 16, 184, 6, 117, 167, 12, 4, 67, 11, 17, 119, 77, 106, 30, 44, 81, 172, 51, 147, 54, 174, 198, 21, 86, 113, 101, 165, 150, 118, 61, 23, 95, 63, 48, 145, 83, 133, 137, 45, 134, 110, 131, 33, 68, 121, 177]
Time = 34.224 seg
maxVal = Solution: cost=[-10159.0], weight=[1342], size=[145], elements=[335, 208, 5, 121, 70, 23, 244, 328, 289, 155, 4, 378, 94, 154, 156, 354, 171, 376, 286, 111, 131, 167, 85, 299, 234, 18, 351, 193, 7, 141, 25, 157, 54, 347, 9, 356, 124, 331, 197, 329, 177, 166, 99, 16, 44, 316, 397, 97, 174, 381, 92, 108, 56, 17, 196, 318, 306, 145, 312, 326, 110, 103, 34, 250, 323, 383, 336, 307, 147, 195, 233, 158, 30, 181, 132, 342, 310, 293, 309, 172, 95, 325, 277, 148, 327, 192, 80, 350, 377, 384, 101, 285, 51, 304, 291, 387, 211, 114, 205, 253, 83, 125, 288, 45, 264, 160, 76, 179, 11, 357, 134, 165, 215, 301, 352, 230, 332, 183, 366, 49, 273, 290, 10, 380, 216, 265, 398, 117, 73, 151, 371, 240, 2, 276, 100, 236, 142, 66, 169, 367, 389, 218, 260, 317, 119]
Time = 501.851 seg
--------------------------------------
