maxVal = Solution: cost=[-120.0], weight=[56], size=[8], elements=[4, 2, 14, 16, 3, 11, 15, 6]
Time = 0.178 seg
maxVal = Solution: cost=[-316.0], weight=[138], size=[17], elements=[34, 32, 22, 24, 0, 31, 9, 36, 15, 7, 33, 4, 11, 23, 3, 21, 17]
Time = 0.492 seg
maxVal = Solution: cost=[-482.0], weight=[215], size=[24], elements=[28, 11, 21, 38, 45, 44, 26, 3, 27, 17, 30, 5, 39, 8, 57, 32, 19, 4, 6, 51, 55, 22, 2, 56]
Time = 1.992 seg
maxVal = Solution: cost=[-775.0], weight=[288], size=[30], elements=[1, 3, 60, 54, 4, 31, 69, 61, 7, 13, 42, 44, 18, 2, 49, 51, 14, 58, 36, 37, 74, 50, 23, 15, 47, 53, 6, 24, 20, 32]
Time = 4.529 seg
maxVal = Solution: cost=[-1207.0], weight=[344], size=[39], elements=[22, 23, 62, 21, 24, 74, 49, 38, 3, 32, 78, 63, 89, 57, 10, 51, 84, 9, 39, 82, 29, 68, 44, 7, 90, 18, 14, 17, 66, 2, 56, 1, 37, 91, 42, 96, 95, 47, 69]
Time = 8.404 seg
maxVal = Solution: cost=[-3731.0], weight=[665], size=[82], elements=[87, 84, 50, 154, 129, 92, 51, 155, 108, 101, 54, 47, 23, 189, 4, 175, 34, 171, 165, 56, 167, 181, 25, 35, 44, 16, 117, 185, 141, 68, 21, 174, 193, 131, 70, 12, 179, 157, 90, 69, 147, 138, 30, 31, 177, 7, 148, 151, 9, 162, 77, 127, 1, 126, 67, 106, 100, 118, 6, 140, 32, 11, 53, 99, 119, 17, 196, 48, 81, 160, 85, 33, 150, 121, 180, 172, 45, 63, 195, 124, 104, 49]
Time = 80.723 seg
maxVal = Solution: cost=[-9890.0], weight=[1335], size=[149], elements=[279, 260, 120, 92, 227, 103, 332, 6, 228, 290, 347, 235, 352, 389, 206, 312, 283, 163, 201, 149, 250, 196, 216, 190, 17, 137, 125, 265, 288, 115, 128, 154, 31, 323, 306, 16, 177, 175, 76, 155, 80, 242, 182, 327, 273, 319, 50, 367, 158, 51, 272, 56, 110, 244, 114, 375, 194, 236, 99, 377, 101, 172, 215, 195, 157, 208, 124, 289, 147, 211, 77, 307, 159, 83, 245, 34, 251, 30, 331, 253, 108, 285, 357, 10, 320, 274, 304, 229, 134, 53, 5, 230, 47, 36, 328, 136, 183, 66, 69, 165, 162, 281, 383, 87, 336, 224, 7, 145, 398, 286, 199, 192, 258, 349, 384, 107, 11, 85, 184, 88, 179, 72, 166, 148, 131, 299, 325, 266, 49, 63, 21, 360, 387, 132, 276, 348, 378, 174, 2, 150, 73, 144, 368, 370, 371, 121, 259, 264, 397]
Time = 1805.34 seg
