maxVal = Solution: cost=[-104.0], weight=[56], size=[8], elements=[4, 14, 2, 12, 16, 3, 11, 6]
Time = 0.209 seg
maxVal = Solution: cost=[-259.0], weight=[137], size=[16], elements=[24, 1, 25, 37, 19, 34, 7, 28, 21, 4, 15, 32, 2, 3, 11, 9]
Time = 0.436 seg
maxVal = Solution: cost=[-475.0], weight=[220], size=[22], elements=[13, 42, 44, 56, 14, 53, 51, 55, 4, 54, 29, 35, 27, 30, 32, 17, 26, 2, 38, 24, 3, 49]
Time = 1.839 seg
maxVal = Solution: cost=[-757.0], weight=[278], size=[31], elements=[7, 48, 31, 36, 75, 11, 3, 2, 54, 4, 18, 23, 13, 42, 6, 44, 65, 20, 61, 8, 49, 50, 47, 15, 53, 1, 14, 32, 69, 24, 74]
Time = 3.471 seg
maxVal = Solution: cost=[-1192.0], weight=[345], size=[37], elements=[2, 84, 22, 49, 18, 3, 29, 32, 39, 78, 66, 89, 51, 14, 68, 17, 37, 57, 63, 82, 44, 96, 62, 91, 42, 74, 38, 7, 10, 23, 95, 1, 9, 21, 24, 31, 47]
Time = 6.698 seg
maxVal = Solution: cost=[-3586.0], weight=[680], size=[76], elements=[35, 108, 53, 66, 140, 155, 171, 189, 31, 72, 92, 138, 185, 34, 84, 175, 56, 51, 157, 148, 100, 69, 16, 154, 90, 179, 85, 165, 17, 11, 141, 167, 177, 30, 147, 162, 67, 12, 4, 81, 82, 119, 48, 86, 54, 47, 101, 7, 106, 6, 44, 87, 196, 174, 117, 49, 21, 1, 129, 50, 77, 198, 70, 192, 150, 8, 10, 9, 15, 23, 25, 28, 29, 32, 65, 74]
Time = 55.861 seg
maxVal = Solution: cost=[-9851.0], weight=[1333], size=[144], elements=[83, 154, 211, 10, 354, 284, 288, 304, 145, 125, 51, 265, 2, 79, 273, 323, 296, 167, 227, 338, 147, 17, 0, 357, 165, 181, 158, 272, 250, 342, 386, 234, 97, 30, 332, 148, 95, 160, 16, 25, 134, 123, 312, 383, 155, 58, 99, 19, 328, 247, 376, 307, 56, 85, 124, 11, 132, 299, 100, 326, 389, 368, 121, 289, 381, 329, 318, 110, 166, 170, 274, 311, 92, 196, 174, 157, 18, 49, 65, 397, 306, 316, 7, 264, 177, 172, 290, 230, 352, 371, 208, 114, 45, 240, 108, 363, 205, 103, 70, 72, 233, 327, 228, 80, 175, 31, 301, 189, 21, 395, 387, 195, 1, 215, 279, 325, 69, 179, 113, 73, 169, 293, 237, 216, 347, 54, 366, 129, 131, 117, 309, 377, 3, 6, 5, 9, 14, 15, 23, 32, 74, 260, 317, 24]
Time = 654.087 seg
--------------------------------------   