maxVal = Solution: cost=[-120.0], weight=[56], size=[8], elements=[4, 2, 14, 16, 15, 3, 11, 6]
Time = 0.19 seg
maxVal = Solution: cost=[-298.0], weight=[136], size=[16], elements=[34, 32, 24, 22, 15, 33, 9, 36, 29, 7, 4, 31, 6, 11, 21, 20]
Time = 0.477 seg
maxVal = Solution: cost=[-469.0], weight=[218], size=[23], elements=[57, 45, 21, 8, 3, 5, 27, 39, 44, 32, 51, 28, 26, 55, 19, 4, 56, 30, 6, 2, 7, 22, 17]
Time = 1.751 seg
maxVal = Solution: cost=[-756.0], weight=[275], size=[29], elements=[54, 6, 44, 2, 23, 11, 18, 61, 4, 36, 37, 48, 31, 47, 8, 50, 3, 42, 75, 49, 7, 69, 55, 73, 1, 13, 24, 74, 32]
Time = 3.59 seg
maxVal = Solution: cost=[-1185.0], weight=[344], size=[37], elements=[23, 7, 31, 24, 90, 22, 62, 44, 95, 18, 14, 93, 96, 71, 3, 74, 10, 39, 68, 2, 29, 91, 37, 47, 49, 17, 79, 72, 15, 21, 63, 32, 11, 25, 16, 28, 51]
Time = 6.841 seg
maxVal = Solution: cost=[-3576.0], weight=[679], size=[77], elements=[66, 171, 61, 49, 69, 165, 140, 110, 53, 31, 155, 179, 195, 108, 184, 117, 127, 34, 181, 175, 121, 157, 7, 44, 72, 56, 145, 196, 99, 185, 90, 16, 51, 70, 177, 193, 13, 137, 6, 138, 87, 85, 4, 141, 68, 101, 167, 147, 48, 84, 11, 172, 67, 92, 111, 17, 148, 100, 106, 119, 134, 174, 118, 81, 162, 1, 9, 12, 19, 21, 23, 25, 29, 8, 30, 33, 83]
Time = 61.074 seg
maxVal = Solution: cost=[-9539.0], weight=[1331], size=[148], elements=[31, 230, 364, 63, 103, 362, 30, 92, 157, 272, 89, 69, 49, 215, 17, 277, 375, 166, 184, 273, 93, 23, 110, 265, 179, 67, 195, 352, 43, 366, 121, 83, 354, 196, 224, 154, 147, 126, 201, 288, 384, 137, 134, 312, 274, 236, 342, 101, 125, 289, 175, 228, 311, 80, 349, 332, 158, 371, 348, 245, 323, 247, 383, 209, 304, 306, 327, 216, 10, 368, 296, 53, 387, 239, 56, 48, 159, 183, 124, 377, 244, 290, 145, 227, 229, 170, 336, 87, 107, 16, 6, 347, 99, 70, 148, 286, 301, 177, 357, 51, 155, 389, 338, 165, 7, 151, 260, 15, 251, 211, 122, 28, 95, 38, 123, 119, 84, 100, 4, 378, 318, 11, 18, 189, 5, 355, 291, 172, 162, 88, 208, 1, 2, 8, 19, 20, 21, 22, 24, 25, 32, 47, 74, 120, 317, 328, 264, 397]
Time = 742.719 seg
--------------------------------------