maxVal = Solution: cost=[-120.0], weight=[54], size=[7], elements=[2, 14, 4, 11, 16, 15, 3]
Time = 0.164 seg
maxVal = Solution: cost=[-307.0], weight=[132], size=[15], elements=[24, 29, 34, 21, 15, 9, 4, 7, 32, 33, 31, 11, 36, 12, 6]
Time = 0.364 seg
maxVal = Solution: cost=[-482.0], weight=[215], size=[24], elements=[57, 3, 28, 19, 39, 55, 21, 11, 45, 44, 5, 27, 4, 8, 30, 32, 26, 6, 51, 38, 56, 22, 2, 17]
Time = 1.104 seg
maxVal = Solution: cost=[-781.0], weight=[288], size=[31], elements=[23, 37, 48, 36, 2, 31, 18, 75, 3, 54, 13, 7, 11, 42, 4, 8, 6, 50, 49, 44, 61, 69, 60, 14, 15, 53, 20, 47, 65, 74, 24]
Time = 2.316 seg
maxVal = Solution: cost=[-1209.0], weight=[346], size=[38], elements=[68, 11, 43, 57, 56, 38, 22, 49, 62, 74, 78, 24, 23, 51, 10, 95, 21, 39, 91, 29, 17, 31, 90, 7, 18, 52, 44, 14, 63, 96, 71, 2, 93, 89, 64, 37, 3, 32]
Time = 4.471 seg
maxVal = Solution: cost=[-3821.0], weight=[680], size=[78], elements=[108, 53, 66, 140, 155, 171, 189, 31, 72, 92, 35, 138, 84, 157, 175, 34, 56, 44, 16, 51, 6, 148, 100, 196, 69, 90, 185, 87, 85, 77, 172, 7, 117, 49, 82, 4, 12, 179, 184, 11, 17, 162, 167, 81, 106, 119, 67, 30, 198, 54, 141, 147, 174, 21, 101, 86, 48, 113, 118, 150, 61, 165, 63, 95, 145, 133, 68, 83, 23, 110, 45, 170, 134, 73, 131, 195, 126, 121]
Time = 29.24 seg
maxVal = Solution: cost=[-10047.0], weight=[1344], size=[150], elements=[286, 23, 312, 101, 196, 328, 4, 244, 266, 192, 64, 137, 108, 388, 350, 50, 384, 16, 51, 154, 265, 253, 234, 208, 380, 1, 383, 289, 218, 304, 336, 178, 24, 195, 306, 117, 175, 92, 278, 110, 5, 53, 275, 288, 125, 177, 299, 236, 56, 81, 22, 327, 70, 215, 377, 158, 250, 76, 398, 10, 199, 216, 378, 354, 251, 211, 114, 163, 375, 147, 301, 17, 103, 170, 100, 159, 352, 2, 273, 124, 121, 18, 99, 342, 48, 181, 157, 291, 31, 145, 11, 83, 366, 136, 323, 80, 224, 272, 15, 325, 389, 258, 43, 182, 360, 274, 63, 371, 30, 245, 348, 54, 179, 93, 332, 184, 47, 87, 307, 126, 172, 148, 6, 7, 194, 229, 277, 160, 77, 228, 283, 206, 49, 290, 376, 20, 155, 201, 85, 285, 259, 162, 317, 134, 119, 223, 397, 69, 120, 264]
Time = 279.46 seg
--------------------------------------
