maxVal = Solution: cost=[-104.0], weight=[64], size=[9], elements=[4, 2, 14, 12, 16, 11, 3, 6, 10]
Time = 0.168 seg
maxVal = Solution: cost=[-284.0], weight=[132], size=[17], elements=[14, 20, 32, 22, 17, 3, 33, 36, 11, 4, 15, 9, 21, 0, 27, 31, 24]
Time = 0.488 seg
maxVal = Solution: cost=[-482.0], weight=[215], size=[24], elements=[57, 3, 28, 19, 39, 55, 11, 45, 21, 8, 27, 44, 5, 51, 32, 4, 30, 6, 26, 56, 38, 2, 22, 17]
Time = 1.586 seg
maxVal = Solution: cost=[-781.0], weight=[288], size=[31], elements=[54, 3, 7, 31, 11, 48, 75, 2, 4, 18, 23, 42, 13, 65, 44, 6, 8, 36, 61, 49, 50, 37, 60, 69, 15, 24, 47, 53, 74, 14, 20]
Time = 3.892 seg
maxVal = Solution: cost=[-1221.0], weight=[346], size=[37], elements=[2, 84, 22, 49, 18, 3, 29, 32, 39, 78, 66, 68, 63, 17, 51, 14, 82, 57, 44, 89, 38, 62, 10, 1, 91, 95, 23, 21, 74, 96, 7, 42, 37, 47, 24, 90, 31]
Time = 6.343 seg
maxVal = Solution: cost=[-3837.0], weight=[676], size=[77], elements=[31, 49, 179, 157, 141, 184, 13, 121, 114, 43, 110, 196, 193, 172, 66, 45, 76, 137, 145, 155, 99, 23, 70, 95, 138, 92, 85, 108, 34, 174, 69, 101, 154, 87, 175, 106, 83, 7, 84, 51, 147, 134, 54, 198, 195, 48, 11, 17, 67, 167, 119, 4, 90, 117, 56, 86, 44, 37, 81, 111, 127, 171, 94, 165, 162, 16, 30, 140, 19, 148, 6, 181, 68, 131, 125, 158, 122]
Time = 62.164 seg
maxVal = Solution: cost=[-10132.0], weight=[1332], size=[149], elements=[4, 286, 6, 143, 125, 19, 253, 150, 114, 304, 64, 16, 251, 262, 17, 73, 338, 53, 357, 144, 252, 157, 328, 299, 312, 196, 241, 266, 218, 377, 30, 268, 365, 246, 291, 320, 349, 103, 273, 224, 272, 227, 208, 175, 177, 371, 147, 284, 132, 158, 323, 381, 347, 354, 332, 154, 99, 97, 389, 290, 134, 123, 311, 155, 236, 115, 228, 92, 195, 83, 296, 121, 265, 85, 165, 277, 137, 274, 288, 387, 384, 166, 49, 58, 237, 67, 45, 278, 80, 306, 325, 366, 385, 289, 142, 56, 146, 348, 93, 309, 190, 263, 88, 76, 250, 94, 303, 216, 149, 259, 298, 215, 24, 101, 38, 324, 232, 221, 151, 11, 368, 62, 174, 352, 51, 201, 260, 230, 331, 245, 244, 18, 126, 65, 327, 87, 199, 326, 124, 148, 63, 10, 47, 200, 27, 7, 212, 397, 317]
Time = 1137.632 seg
