maxVal = Solution: cost=[-120.0], weight=[56], size=[8], elements=[4, 2, 14, 16, 3, 11, 15, 6]
Time = 0.175 seg
maxVal = Solution: cost=[-316.0], weight=[138], size=[17], elements=[34, 32, 9, 0, 21, 11, 15, 4, 33, 7, 24, 31, 22, 36, 3, 23, 17]
Time = 0.432 seg
maxVal = Solution: cost=[-473.0], weight=[221], size=[22], elements=[54, 44, 4, 49, 3, 55, 35, 19, 56, 33, 51, 16, 27, 26, 42, 29, 2, 53, 24, 32, 30, 17]
Time = 1.569 seg
maxVal = Solution: cost=[-769.0], weight=[288], size=[30], elements=[54, 6, 3, 11, 7, 48, 2, 31, 75, 23, 36, 42, 18, 13, 4, 32, 1, 74, 49, 37, 10, 73, 44, 69, 61, 24, 71, 60, 50, 47]
Time = 3.364 seg
maxVal = Solution: cost=[-1164.0], weight=[345], size=[38], elements=[82, 57, 56, 22, 84, 51, 78, 68, 74, 17, 39, 66, 29, 38, 91, 62, 14, 43, 95, 86, 18, 10, 7, 3, 37, 23, 96, 44, 2, 49, 90, 93, 63, 89, 32, 47, 11, 21]
Time = 6.441 seg
maxVal = Solution: cost=[-3818.0], weight=[680], size=[76], elements=[17, 53, 157, 69, 179, 84, 49, 31, 162, 82, 119, 77, 150, 66, 155, 67, 130, 61, 192, 80, 171, 145, 4, 106, 141, 86, 23, 33, 184, 137, 138, 198, 90, 193, 81, 101, 114, 50, 117, 147, 34, 108, 54, 167, 16, 110, 85, 45, 87, 30, 124, 195, 160, 73, 11, 99, 51, 118, 174, 7, 134, 21, 185, 131, 100, 25, 12, 9, 172, 44, 48, 83, 63, 68, 165, 6]
Time = 56.356 seg
maxVal = Solution: cost=[-10125.0], weight=[1344], size=[147], elements=[184, 383, 168, 235, 24, 176, 22, 81, 192, 266, 195, 384, 108, 56, 289, 360, 58, 23, 63, 331, 53, 147, 17, 336, 199, 92, 304, 88, 366, 377, 166, 208, 253, 158, 328, 157, 244, 348, 251, 273, 5, 286, 210, 371, 387, 172, 277, 150, 178, 236, 95, 323, 288, 327, 291, 76, 38, 285, 299, 101, 385, 162, 292, 398, 224, 354, 232, 114, 125, 66, 124, 83, 146, 49, 263, 80, 373, 290, 159, 154, 312, 99, 325, 16, 274, 352, 250, 28, 182, 163, 137, 11, 77, 194, 259, 4, 281, 389, 144, 265, 272, 82, 34, 227, 375, 215, 357, 103, 110, 30, 211, 97, 93, 303, 190, 306, 230, 132, 165, 229, 307, 126, 85, 19, 332, 148, 179, 69, 72, 196, 386, 51, 349, 378, 155, 368, 296, 319, 258, 287, 134, 260, 317, 119, 120, 234, 397]
Time = 936.626 seg
