maxVal = Solution: cost=[-120.0], weight=[56], size=[8], elements=[2, 4, 14, 16, 11, 15, 3, 6]
Time = 0.217 seg
maxVal = Solution: cost=[-316.0], weight=[138], size=[17], elements=[34, 32, 24, 22, 33, 7, 15, 9, 36, 31, 0, 4, 11, 21, 23, 3, 17]
Time = 0.689 seg
maxVal = Solution: cost=[-491.0], weight=[212], size=[24], elements=[4, 22, 30, 17, 2, 6, 38, 8, 26, 45, 44, 21, 28, 27, 3, 51, 39, 57, 11, 55, 32, 56, 19, 23]
Time = 2.902 seg
maxVal = Solution: cost=[-803.0], weight=[288], size=[31], elements=[7, 15, 53, 20, 3, 14, 50, 31, 36, 6, 49, 54, 2, 4, 18, 11, 32, 74, 47, 61, 1, 42, 69, 44, 13, 34, 8, 68, 75, 23, 55]
Time = 5.939 seg
maxVal = Solution: cost=[-1230.0], weight=[344], size=[42], elements=[84, 82, 57, 22, 39, 68, 63, 78, 66, 3, 17, 51, 38, 49, 74, 29, 91, 95, 96, 2, 14, 18, 23, 21, 10, 62, 44, 7, 89, 90, 24, 32, 47, 69, 71, 93, 64, 75, 11, 87, 56, 81]
Time = 13.563 seg
maxVal = Solution: cost=[-3776.0], weight=[680], size=[77], elements=[83, 172, 87, 38, 184, 198, 101, 193, 131, 44, 107, 34, 117, 84, 138, 66, 69, 31, 77, 192, 189, 72, 7, 90, 157, 56, 195, 196, 53, 179, 88, 49, 110, 171, 175, 6, 127, 163, 13, 161, 16, 155, 51, 92, 85, 28, 185, 148, 165, 76, 99, 11, 147, 162, 21, 4, 174, 95, 106, 145, 45, 70, 134, 119, 67, 86, 140, 54, 108, 167, 141, 137, 30, 166, 23, 17, 199]
Time = 149.391 seg
maxVal = Solution: cost=[-10098.0], weight=[1344], size=[152], elements=[316, 206, 15, 230, 91, 211, 159, 279, 155, 84, 154, 253, 92, 58, 307, 144, 70, 10, 288, 34, 83, 265, 165, 201, 151, 51, 387, 150, 377, 67, 53, 301, 158, 386, 356, 11, 378, 196, 183, 285, 157, 357, 312, 364, 16, 287, 251, 352, 398, 6, 299, 332, 95, 77, 134, 148, 100, 147, 380, 44, 328, 48, 394, 119, 125, 210, 25, 177, 366, 277, 80, 373, 246, 342, 371, 276, 17, 174, 236, 273, 258, 296, 272, 120, 99, 187, 327, 56, 323, 47, 28, 156, 94, 111, 360, 24, 82, 372, 122, 163, 195, 245, 240, 171, 244, 260, 172, 98, 263, 162, 114, 325, 35, 97, 259, 85, 339, 331, 208, 303, 232, 300, 182, 397, 320, 66, 289, 14, 138, 286, 101, 229, 5, 393, 293, 69, 306, 108, 23, 317, 370, 231, 348, 76, 319, 290, 49, 256, 385, 368, 121, 269]
Time = 1805.518 seg
