maxVal = Solution: cost=[-104.0], weight=[64], size=[9], elements=[4, 2, 14, 12, 16, 11, 3, 6, 10]
Time = 0.161 seg
maxVal = Solution: cost=[-284.0], weight=[132], size=[17], elements=[14, 20, 32, 22, 17, 3, 33, 36, 11, 4, 15, 9, 21, 0, 27, 31, 24]
Time = 0.448 seg
maxVal = Solution: cost=[-482.0], weight=[215], size=[24], elements=[57, 3, 28, 19, 45, 39, 11, 55, 21, 8, 27, 30, 6, 44, 26, 32, 4, 51, 5, 17, 2, 22, 38, 56]
Time = 1.321 seg
maxVal = Solution: cost=[-781.0], weight=[288], size=[31], elements=[54, 3, 7, 31, 11, 48, 75, 2, 4, 18, 23, 42, 13, 65, 44, 6, 8, 36, 61, 49, 50, 37, 60, 69, 15, 24, 47, 53, 74, 14, 20]
Time = 3.102 seg
maxVal = Solution: cost=[-1221.0], weight=[346], size=[37], elements=[84, 2, 22, 49, 57, 68, 39, 82, 66, 78, 17, 51, 29, 18, 63, 3, 14, 32, 38, 1, 42, 91, 37, 10, 62, 44, 7, 23, 74, 96, 95, 47, 90, 31, 21, 24, 89]
Time = 5.788 seg
maxVal = Solution: cost=[-3748.0], weight=[680], size=[75], elements=[69, 154, 31, 92, 76, 174, 196, 49, 13, 157, 84, 175, 101, 110, 134, 7, 172, 83, 72, 145, 85, 95, 108, 45, 87, 155, 193, 121, 70, 106, 147, 80, 23, 4, 51, 137, 131, 54, 141, 99, 66, 103, 61, 166, 138, 184, 86, 198, 94, 67, 44, 167, 17, 34, 25, 119, 117, 192, 90, 195, 43, 48, 63, 56, 16, 21, 114, 100, 179, 81, 30, 165, 11, 77, 177]
Time = 51.278 seg
maxVal = Solution: cost=[-10193.0], weight=[1316], size=[148], elements=[5, 4, 286, 125, 19, 253, 101, 366, 328, 304, 196, 266, 114, 373, 75, 154, 354, 277, 94, 157, 320, 49, 291, 349, 67, 150, 83, 16, 278, 103, 224, 265, 305, 174, 147, 365, 234, 30, 17, 268, 272, 218, 11, 134, 99, 332, 347, 221, 119, 296, 82, 69, 312, 251, 177, 290, 357, 335, 97, 299, 206, 389, 364, 166, 384, 263, 230, 348, 387, 273, 236, 336, 311, 274, 85, 325, 8, 77, 380, 51, 215, 165, 331, 56, 121, 183, 352, 216, 228, 377, 288, 92, 158, 324, 88, 76, 208, 371, 246, 356, 62, 81, 63, 260, 72, 211, 80, 28, 53, 195, 20, 323, 327, 124, 1, 244, 240, 209, 132, 156, 172, 18, 289, 259, 155, 285, 111, 24, 368, 309, 360, 23, 108, 275, 317, 25, 29, 148, 70, 201, 15, 276, 370, 110, 222, 32, 212, 397]
Time = 636.808 seg
